0.00 0.00 2.01
0.00 0.00 4.02
0.00 0.00 6.03
0.00 0.00 10.06
0.00 0.00 12.07
0.00 0.00 16.09
0.00 0.00 18.10
0.00 0.00 20.11
0.00 0.00 22.12
0.00 0.00 24.13
0.00 0.00 26.15
0.00 0.00 28.16
0.00 0.00 30.17
0.00 0.00 32.18
0.00 0.00 34.19
0.00 0.00 36.20
0.00 0.00 38.21
0.00 0.00 40.22
0.00 0.00 42.23
0.00 0.00 44.25
0.00 0.00 46.26
0.00 0.00 48.27
0.00 0.00 50.28
0.00 0.00 52.29
0.00 0.00 54.30
0.00 0.00 56.31
0.00 0.00 58.32
0.00 0.00 60.34
0.00 0.00 62.35
0.00 0.00 64.36
0.00 0.00 66.37
0.00 0.00 68.38
0.00 0.00 70.39
0.00 0.00 74.41
0.00 0.00 100.56
0.00 0.00 104.58
0.00 0.00 106.59
0.00 0.00 114.64
0.00 0.00 116.65
0.00 0.00 118.66
0.00 0.00 120.67
0.00 0.00 124.69
0.00 0.00 136.76
0.00 0.00 146.82
0.00 0.00 150.84
0.00 0.00 187.04
0.00 0.00 219.22
0.00 0.00 225.25
0.00 0.00 227.26
0.00 0.00 233.30
0.00 0.00 235.31
0.00 0.00 239.33
0.00 0.00 275.53
0.00 0.00 279.55
0.00 0.00 293.63
0.00 0.00 295.64
0.00 0.00 297.65
0.00 0.00 299.66
0.00 0.00 301.68
0.00 0.00 303.69
0.00 0.00 305.70
0.00 0.00 307.71
0.00 0.00 311.73
0.00 0.00 313.74
0.00 0.00 315.75
0.00 0.00 317.77
0.00 0.00 323.80
0.00 0.00 325.81
0.00 0.00 327.82
0.00 0.00 329.83
0.00 0.00 331.84
0.00 0.00 333.85
0.00 0.00 335.87
0.00 0.00 337.88
0.00 0.00 339.89
0.00 0.00 341.90
0.00 0.00 345.92
0.00 0.00 347.93
